; tstlat.txt
; i/o device: Babyface (23431001) USB Audio
;
tlabel=Babyface (23431001) USB Audio
size=2048
count=64
rate=44100
;
63940.000
62480.000
64300.000
63880.000
63920.000
63584.000
65116.000
66268.000
65132.000
65328.000
66308.000
68152.000
67864.000
68040.000
68960.000
69268.000
69964.000
70284.000
69816.000
71960.000
71152.000
72300.000
73360.000
73320.000
73144.000
74792.000
73968.000
75372.000
72928.000
74552.000
77136.000
75012.000
76064.000
75456.000
78784.000
79064.000
77324.000
78992.000
79888.000
80292.000
79592.000
79876.000
80140.000
82136.000
80676.000
80908.000
80560.000
84036.000
82900.000
84696.000
84996.000
83756.000
86332.000
84912.000
85904.000
86756.000
87768.000
86688.000
86576.000
89016.000
88628.000
89400.000
89296.000
90768.000
89640.000
91432.000
93032.000
91688.000
91504.000
92168.000
94616.000
94744.000
92844.000
95512.000
94832.000
96356.000
95548.000
95664.000
96348.000
96888.000
95700.000
95152.000
97352.000
98700.000
100812.000
98292.000
98776.000
98208.000
100128.000
99832.000
100972.000
100372.000
102240.000
99620.000
101008.000
104040.000
103768.000
102492.000
102708.000
104636.000
105376.000
105724.000
105380.000
105204.000
106440.000
105868.000
107992.000
108344.000
105468.000
108048.000
106552.000
109960.000
109196.000
109384.000
108028.000
110472.000
110244.000
109908.000
110888.000
112932.000
112804.000
112644.000
113240.000
113768.000
114040.000
114428.000
115776.000
116316.000
115008.000
116640.000
116052.000
115992.000
115908.000
111400.000
112256.000
113644.000
114220.000
115320.000
118488.000
119884.000
119384.000
119140.000
120900.000
121124.000
122036.000
121424.000
121408.000
123804.000
123068.000
123920.000
123388.000
123620.000
125104.000
124232.000
124916.000
124072.000
127056.000
126516.000
125620.000
127992.000
125064.000
127712.000
127696.000
128472.000
129552.000
127628.000
129596.000
128792.000
130468.000
130008.000
130328.000
130848.000
131252.000
132040.000
133136.000
131564.000
131472.000
133108.000
133924.000
133104.000
133816.000
135312.000
134336.000
135328.000
135272.000
135264.000
136440.000
136592.000
136116.000
136416.000
137780.000
138196.000
138740.000
137012.000
138628.000
137548.000
140372.000
138040.000
139372.000
139880.000
140620.000
139364.000
141236.000
141332.000
141688.000
142752.000
141456.000
143380.000
143280.000
144592.000
142824.000
143412.000
143144.000
144824.000
146524.000
146680.000
146340.000
147212.000
145684.000
147596.000
145072.000
143740.000
143384.000
143928.000
144316.000
145964.000
148368.000
150588.000
148756.000
149664.000
150812.000
150708.000
152980.000
150504.000
150984.000
150312.000
152208.000
152840.000
153136.000
153544.000
153820.000
155544.000
154308.000
155356.000
154264.000
155016.000
157020.000
155544.000
156736.000
155144.000
157996.000
156492.000
157184.000
158336.000
157216.000
159412.000
158416.000
158512.000
158800.000
158940.000
159184.000
160592.000
160208.000
159492.000
160740.000
162400.000
161404.000
162264.000
162916.000
163292.000
162148.000
164580.000
162484.000
165500.000
165184.000
163772.000
165392.000
165064.000
165240.000
165504.000
167836.000
165088.000
166572.000
168732.000
167132.000
167904.000
168120.000
167872.000
166944.000
168568.000
167360.000
167336.000
167600.000
169188.000
169300.000
170680.000
170528.000
171108.000
171084.000
170228.000
172200.000
171728.000
172216.000
171304.000
170416.000
173480.000
173540.000
173044.000
165356.000
154344.000
154744.000
154732.000
156496.000
155716.000
164916.000
173232.000
173356.000
172980.000
174704.000
174588.000
176540.000
177508.000
176824.000
176940.000
178280.000
178808.000
178692.000
179116.000
179596.000
179736.000
177172.000
178800.000
180968.000
178708.000
180064.000
181192.000
181928.000
181296.000
180836.000
181452.000
181044.000
182800.000
182728.000
182304.000
183140.000
182824.000
182984.000
184868.000
183408.000
185844.000
185392.000
186028.000
185400.000
182612.000
183064.000
182192.000
183932.000
183528.000
183380.000
189136.000
187856.000
186984.000
189224.000
188992.000
189164.000
187172.000
189000.000
188396.000
189416.000
188616.000
190136.000
189796.000
191108.000
190284.000
188752.000
189768.000
190796.000
191828.000
191428.000
193344.000
190336.000
192724.000
192824.000
193196.000
194268.000
193504.000
192000.000
195940.000
194200.000
194192.000
194064.000
194812.000
196264.000
195068.000
194944.000
196056.000
196444.000
196104.000
197644.000
197360.000
196104.000
197228.000
196700.000
198436.000
197716.000
197844.000
198932.000
199360.000
199820.000
199004.000
200100.000
198736.000
200160.000
200656.000
198780.000
202232.000
202360.000
200424.000
201716.000
201220.000
200716.000
200504.000
201924.000
202692.000
201088.000
203276.000
202944.000
203192.000
203580.000
203548.000
204652.000
202520.000
204936.000
204400.000
205520.000
205596.000
206176.000
204916.000
205308.000
205484.000
204460.000
200660.000
201120.000
199824.000
199908.000
200828.000
203348.000
207352.000
207284.000
206532.000
208236.000
209140.000
208428.000
207484.000
208888.000
208748.000
208944.000
210844.000
209628.000
210956.000
211488.000
211072.000
212312.000
210636.000
210808.000
212260.000
212144.000
211508.000
213236.000
212860.000
213608.000
212092.000
213060.000
211968.000
212248.000
213488.000
214040.000
214360.000
212872.000
213648.000
214460.000
215736.000
214664.000
216216.000
214532.000
215864.000
215452.000
214360.000
217212.000
217304.000
216656.000
217408.000
216640.000
217632.000
218700.000
218556.000
217000.000
218856.000
218980.000
218816.000
219652.000
217404.000
218920.000
218708.000
219532.000
218732.000
219120.000
220360.000
220372.000
220548.000
218056.000
220172.000
220840.000
222632.000
221828.000
220972.000
221744.000
223100.000
221740.000
222620.000
221168.000
222696.000
220688.000
223412.000
222228.000
223120.000
223340.000
223604.000
223384.000
223072.000
225072.000
223624.000
224180.000
224736.000
223908.000
224792.000
227196.000
224636.000
226912.000
226376.000
226212.000
227968.000
227608.000
226016.000
226892.000
226456.000
226656.000
227836.000
227804.000
225628.000
227500.000
227712.000
228172.000
227232.000
229156.000
227248.000
231280.000
226440.000
230484.000
225240.000
235336.000
220728.000
239180.000
215616.000
247128.000
205160.000
262700.000
187204.000
286444.000
156052.000
325676.000
108872.000
380084.000
43480.000
452320.000
-38068.000
541664.000
-134408.000
643508.000
-232800.000
750556.000
-337144.000
842120.000
-417252.000
914048.000
-467836.000
936020.000
-472540.000
870124.000
-334584.000
649548.000
37204.000
70736.000
968544.000
-1571648.000
4252080.000
-10241248.000
132695204.000
26500064.000
-15341028.000
13193176.000
-15267952.000
75509144.000
3913664.000
1322260.000
-3245112.000
3559644.000
-5343156.000
34593920.000
6199176.000
-6977248.000
12810456.000
-37106048.000
646551520.000
793500308.000
60122268.000
-29537840.000
22494032.000
-46156800.000
436111988.000
71806948.000
-41233880.000
21537624.000
-30047704.000
16612276.000
-22832216.000
11352424.000
-18532924.000
7830752.000
-15392360.000
5092884.000
-12872836.000
2885624.000
-10796300.000
1057828.000
-9114004.000
-408004.000
-7742852.000
-1575260.000
-6687256.000
-2466360.000
-5882156.000
-3086716.000
-5298844.000
-3539644.000
-4897776.000
-3836516.000
-4623012.000
-4001100.000
-4457584.000
-4097004.000
-4352196.000
-4147432.000
-4281984.000
-4166144.000
-4234680.000
-4170248.000
-4203348.000
-4167292.000
-4178948.000
-4154800.000
-4090528.000
-3947684.000
-3944216.000
-3934384.000
-3928172.000
-3920968.000
-4106536.000
-4097648.000
-4091152.000
-4083232.000
-4077128.000
-4070740.000
-4063128.000
-4055068.000
-4047880.000
-4040484.000
-4035316.000
-4027208.000
-4018164.000
-4013232.000
-4007916.000
-4000788.000
-3993156.000
-3985716.000
-3979548.000
-3973144.000
-3967388.000
-3959372.000
-3952536.000
-3947428.000
-3941376.000
-3934008.000
-3927532.000
-3920708.000
-3916192.000
-3909528.000
-3900944.000
-3895016.000
-3890136.000
-3883680.000
-3878252.000
-3871872.000
-3866440.000
-3859472.000
-3794200.000
-3787932.000
-3783052.000
-3776500.000
-3770848.000
-3763664.000
-3817748.000
-3813844.000
-3806392.000
-3799892.000
-3794876.000
-3788912.000
-3782320.000
-3777196.000
-3771996.000
-3766784.000
-3760376.000
-3755736.000
-3749216.000
-3743624.000
-3737240.000
-3733788.000
-3725912.000
-3722324.000
-3715892.000
-3710520.000
-3704984.000
-3699324.000
-3692636.000
-3687960.000
-3682552.000
-3674732.000
-3671996.000
-3666536.000
-3661036.000
-3599908.000
-3592612.000
-3587256.000
-3583788.000
-3634716.000
-3629708.000
-3624016.000
-3618652.000
-3612372.000
-3495400.000
-3322112.000
-3316512.000
-3312132.000
-3307604.000
-3302072.000
-3521004.000
-3570992.000
-3565684.000
-3562968.000
-3556156.000
-3550340.000
-3547292.000
-3541744.000
-3535408.000
-3529196.000
-3525928.000
-3521280.000
-3516308.000
-3509480.000
-3505896.000
-3500768.000
-3493916.000
-3490096.000
-3484564.000
-3480856.000
-3474328.000
-3470528.000
-3466148.000
-3461964.000
-3455456.000
-3449960.000
-3447812.000
-3441064.000
-3435228.000
-3431900.000
-3320436.000
-3316616.000
-3309160.000
-3360848.000
-3408588.000
-3402516.000
-3396504.000
-3391920.000
-3388016.000
-3280148.000
-3273596.000
-3270460.000
-3264796.000
-3260704.000
-3307904.000
-3354560.000
-3348540.000
-3345796.000
-3340896.000
-3337272.000
-3332740.000
-3327924.000
-3323060.000
-3318208.000
-3314292.000
-3308196.000
-3303840.000
-3298192.000
-3293504.000
-3289196.000
-3286308.000
-3281992.000
-3276472.000
-3272860.000
-3267336.000
-3263168.000
-3257664.000
-3254116.000
-3249884.000
-3243636.000
-3240128.000
-3235472.000
-3231248.000
-3226516.000
-3222596.000
-3219544.000
-3212444.000
-3208708.000
-3204248.000
-3200020.000
-3194524.000
-3190108.000
-3186372.000
-3131980.000
-3128432.000
-3124292.000
-3121836.000
-3114912.000
-3158588.000
-3156040.000
-3149528.000
-3146536.000
-3142692.000
-3138900.000
-3135620.000
-3129132.000
-3124556.000
-3120348.000
-3116516.000
-3112916.000
-3106880.000
-3104312.000
-3098556.000
-3095292.000
-3092712.000
-3087028.000
-3082768.000
-3077880.000
-3073840.000
-3069732.000
-3066196.000
-3061548.000
-3056568.000
-3053588.000
-3049992.000
-3044736.000
-3041376.000
-3037084.000
-3031900.000
-3027860.000
-3022692.000
-3019980.000
-3015544.000
-3011256.000
-3007436.000
-3002284.000
-2998328.000
-2949244.000
-2943800.000
-2938712.000
-2936492.000
-2930124.000
-2973768.000
-2970140.000
-2964764.000
-2960200.000
-2957120.000
-2954852.000
-2950408.000
-2946292.000
-2941488.000
-2935872.000
-2932812.000
-2929432.000
-2923988.000
-2922364.000
-2917388.000
-2912704.000
-2909180.000
-2904284.000
-2901152.000
-2897136.000
-2894048.000
-2887256.000
-2884820.000
-2880996.000
-2877240.000
-2872660.000
-2869924.000
-2865964.000
-2862448.000
-2857684.000
-2853248.000
-2849968.000
-2845556.000
-2842200.000
-2839788.000
-2834288.000
-2831440.000
-2824188.000
-2820868.000
-2774376.000
-2768896.000
-2766208.000
-2763288.000
-2757752.000
-2798592.000
-2794436.000
-2790744.000
-2786236.000
-2782604.000
-2779908.000
-2775008.000
-2772056.000
-2767560.000
-2764204.000
-2760408.000
-2757128.000
-2752072.000
-2749412.000
-2745712.000
-2742788.000
-2694656.000
-2733252.000
-2729412.000
-2726700.000
-2722816.000
-2718768.000
-2713512.000
-2709764.000
-2706572.000
-2703548.000
-2699576.000
-2694276.000
-2691156.000
-2687580.000
-2684236.000
-2680588.000
-2676244.000
-2674048.000
-2669908.000
-2667440.000
-2662480.000
-2659496.000
-2654556.000
-2568444.000
-2565064.000
-2562088.000
-2558380.000
-2553932.000
-2591512.000
-2629300.000
-2626084.000
-2621600.000
-2618052.000
-2614632.000
-2611044.000
-2609824.000
-2605396.000
-2600932.000
-2597652.000
-2592664.000
-2591156.000
-2586824.000
-2583652.000
-2578916.000
-2576420.000
-2572828.000
-2568396.000
-2564552.000
-2561792.000
-2557888.000
-2555768.000
-2549924.000
-2546280.000
-2541368.000
-2540572.000
-2535684.000
-2533392.000
-2530932.000
-2525944.000
-2522384.000
-2518400.000
-2515520.000
-2512868.000
-2507332.000
-2505132.000
-2502380.000
-2497432.000
-2456608.000
-2373948.000
-2370384.000
-2367860.000
-2364552.000
-2360272.000
-2473308.000
-2470016.000
-2467136.000
-2463688.000
-2460324.000
-2454720.000
-2451880.000
-2450300.000
-2445508.000
-2442324.000
-2438716.000
-2436244.000
-2432132.000
-2429492.000
-2426976.000
-2421116.000
-2419304.000
-2413672.000
-2412644.000
-2407136.000
-2406988.000
-2402700.000
-2398000.000
-2396232.000
-2393920.000
-2387888.000
-2383688.000
-2382068.000
-2378088.000
-2375664.000
-2372000.000
-2367868.000
-2366572.000
-2362196.000
-2358932.000
-2357644.000
-2352612.000
-2348868.000
-2347584.000
-2305504.000
-2303460.000
-2299316.000
-2296044.000
-2293928.000
-2326960.000
-2324540.000
-2319048.000
-2315600.000
-2312844.000
-2309988.000
-2306352.000
-2304692.000
-2300448.000
-2296664.000
-2293348.000
-2291012.000
-2286832.000
-2283892.000
-2282048.000
-2277204.000
-2273076.000
-2271244.000
-2268336.000
-2265720.000
-2261212.000
-2257460.000
-2256680.000
-2251752.000
-2249124.000
-2244852.000
-2244244.000
-2238668.000
-2237376.000
-2232724.000
-2228564.000
-2227660.000
-2223308.000
-2220732.000
-2215808.000
-2215844.000
-2210288.000
-2207680.000
-2135876.000
-2131972.000
-2128820.000
-2125904.000
-2123956.000
-2120520.000
-2185940.000
-2182184.000
-2180112.000
-2175900.000
-2173392.000
-2170920.000
-2165556.000
-2161956.000
-2159412.000
-2156720.000
-2153900.000
-2152900.000
-2148252.000
-2145808.000
-2142020.000
-2139476.000
-2135004.000
-2134004.000
-2131316.000
-2125776.000
-2123596.000
-2121900.000
-2118072.000
-2116044.000
-2112164.000
-2108224.000
-2104128.000
-2102732.000
-2098972.000
-2096676.000
-2092360.000
-2090624.000
-2087568.000
-2084372.000
-2080296.000
-2078208.000
-2075708.000
-2072292.000
-2070568.000
-2033524.000
-2032236.000
-2027460.000
-2026124.000
-2022896.000
-2051888.000
-2048396.000
-2045308.000
-2043920.000
-2041464.000
-2037828.000
-2034736.000
-2032332.000
-2028236.000
-2026600.000
-2023244.000
-2019964.000
-2016336.000
-2014516.000
-2012200.000
-1979116.000
-2006596.000
-2001972.000
-1999196.000
-1994244.000
-1993912.000
-1990380.000
-1986884.000
-1983472.000
-1984104.000
-1977956.000
-1977192.000
-1974180.000
-1970224.000
-1967724.000
-1966448.000
-1961772.000
-1960244.000
-1955876.000
-1954612.000
-1951476.000
-1948312.000
-1945872.000
-1851516.000
-1698636.000
-1695204.000
-1692720.000
-1688492.000
-1688896.000
-1835828.000
-1922284.000
-1921552.000
-1917056.000
-1914652.000
-1911768.000
-1909136.000
-1906864.000
-1902780.000
-1900652.000
-1896852.000
-1894956.000
-1892596.000
-1888992.000
-1885244.000
-1883252.000
-1881108.000
-1877764.000
-1875268.000
-1871800.000
-1869704.000
-1867656.000
-1864188.000
-1861740.000
-1860476.000
-1856216.000
-1852956.000
-1851856.000
-1847696.000
-1814972.000
-1785544.000
-1782604.000
-1779944.000
-1837104.000
-1833644.000
-1829248.000
-1825472.000
-1824888.000
-1820392.000
-1788900.000
-1785868.000
-1783580.000
-1781700.000
-1777876.000
-1803672.000
-1800808.000
-1801064.000
-1796744.000
-1793592.000
-1790780.000
-1787912.000
-1786060.000
-1784340.000
-1779240.000
-1777624.000
-1775668.000
-1772752.000
-1770860.000
-1767660.000
-1765752.000
-1761044.000
-1758232.000
-1757448.000
-1755436.000
-1751776.000
-1748212.000
-1746436.000
-1743592.000
-1740580.000
-1737732.000
-1736288.000
-1733456.000
-1730104.000
-1727900.000
-1726432.000
-1723060.000
-1719284.000
-1718584.000
-1715500.000
-1714108.000
-1710036.000
-1708444.000
-1678904.000
-1675572.000
-1674516.000
-1670984.000
-1668828.000
-1667456.000
-1691148.000
-1688352.000
-1686420.000
-1680796.000
-1680672.000
-1677512.000
-1674044.000
-1671036.000
-1669188.000
-1667716.000
-1663620.000
-1662720.000
-1659168.000
-1657484.000
-1654296.000
-1651636.000
-1649868.000
-1647304.000
-1644896.000
-1642776.000
-1640464.000
-1635760.000
-1634864.000
-1630460.000
-1628568.000
-1627592.000
-1626104.000
-1622984.000
-1619664.000
-1616120.000
-1613992.000
-1613764.000
-1610116.000
-1606960.000
-1605264.000
-1602388.000
-1600596.000
-1596068.000
-1594984.000
-1488972.000
-1486332.000
-1484112.000
-1484380.000
-1479268.000
-1556188.000
-1578180.000
-1575376.000
-1574312.000
-1569748.000
-1569028.000
-1565432.000
-1563296.000
-1562332.000
-1559456.000
-1555980.000
-1554248.000
-1551088.000
-1548164.000
-1545600.000
-1543220.000
-1540748.000
-1538644.000
-1537384.000
-1534316.000
-1532764.000
-1530060.000
-1526848.000
-1526324.000
-1523408.000
-1520632.000
-1516600.000
-1516484.000
-1514496.000
-1510744.000
-1510280.000
-1506984.000
-1504212.000
-1500536.000
-1499148.000
-1496192.000
-1495684.000
-1492648.000
-1490960.000
-1373036.000
-1369812.000
-1365988.000
-1364948.000
-1363456.000
-1407460.000
-1474572.000
-1472472.000
-1467816.000
-1466780.000
-1464696.000
-1461436.000
-1460428.000
-1457560.000
-1455484.000
-1452496.000
-1451444.000
-1447776.000
-1445880.000
-1444808.000
-1442464.000
-1440100.000
-1438304.000
-1434292.000
-1432780.000
-1432040.000
-1426548.000
-1426116.000
-1423948.000
-1420332.000
-1417848.000
-1417544.000
-1414700.000
-1412476.000
-1410296.000
-1408376.000
-1406116.000
-1404196.000
-1400200.000
-1398700.000
-1399064.000
-1393788.000
-1392812.000
-1391412.000
-1389084.000
-1386588.000
-1384776.000
-1381572.000
-1381460.000
-1375916.000
-1374944.000
-1372428.000
-1371156.000
-1369732.000
-1365912.000
-1364944.000
-1361640.000
-1359828.000
-1358396.000
-1356164.000
-1353516.000
-1350732.000
-1347312.000
-1346968.000
-1345404.000
-1341984.000
-1341048.000
-1338152.000
-1337088.000
-1333020.000
-1332072.000
-1329828.000
-1328344.000
-1325092.000
-1323400.000
-1320768.000
-1318600.000
-1317392.000
-1314700.000
-1312616.000
-1309464.000
-1308684.000
-1306328.000
-1304284.000
-1303300.000
-1300636.000
-1298844.000
-1296348.000
-1292796.000
-1291388.000
-1290116.000
-1289172.000
-1285100.000
-1283788.000
-1284128.000
-1278128.000
-1276744.000
-1274520.000
-1273456.000
-1270472.000
-1270000.000
-1267420.000
-1264824.000
-1262748.000
-1261260.000
-1257920.000
-1258124.000
-1255616.000
-1254092.000
-1230724.000
-1230316.000
-1245848.000
-1246920.000
-1243812.000
-1239924.000
-1240500.000
-1237428.000
-1233604.000
-1233236.000
-1230628.000
-1228720.000
-1227024.000
-1226052.000
-1220320.000
-1219584.000
-1219328.000
-1216028.000
-1212604.000
-1211404.000
-1210596.000
-1207940.000
-1206696.000
-1183008.000
-1183104.000
-1181716.000
-1180004.000
-1158256.000
-1155348.000
-1192784.000
-1189748.000
-1189348.000
-1185972.000
-1184716.000
-1183856.000
-1180900.000
-1178476.000
-1176796.000
-1174364.000
-1172260.000
-1168704.000
-1168124.000
-1166456.000
-1163640.000
-1162384.000
-1159644.000
-1158476.000
-1157300.000
-1154524.000
-1153328.000
-1149452.000
-1149020.000
-1146884.000
-1144328.000
-1144040.000
-1141408.000
-1139644.000
-1137164.000
-1133760.000
-1132804.000
-1131964.000
-1128700.000
-1125464.000
-1126308.000
-1122116.000
-1122116.000
-1121244.000
-1100740.000
-1063460.000
-1060444.000
-1057916.000
-1058212.000
-1056472.000
-1106616.000
-1104488.000
-1102200.000
-1100660.000
-1099436.000
-1098244.000
-1096312.000
-1094976.000
-1092388.000
-1091460.000
-1089360.000
-1087088.000
-1084968.000
-1081784.000
-1079444.000
-1077020.000
-1076944.000
-1074268.000
-1073220.000
-1070224.000
-1068960.000
-1068296.000
-1065976.000
-1064676.000
-1059900.000
-1060544.000
-1059528.000
-1056092.000
-1055120.000
-1037108.000
-1034228.000
-1032452.000
-1032136.000
-1045960.000
-1044148.000
-1042412.000
-1039832.000
-1037552.000
-1021488.000
-1017852.000
-1016904.000
-1014760.000
-1012824.000
-1010476.000
-1024760.000
-1024544.000
-1022916.000
-1020736.000
-1018716.000
-1015832.000
-1014480.000
-1013180.000
-1011872.000
-1007888.000
-1006276.000
-1005544.000
-1002772.000
-1001248.000
-1000996.000
-997872.000
-998256.000
-994920.000
-994704.000
-992240.000
-991068.000
-988968.000
-987932.000
-984192.000
-982980.000
-982440.000
-978188.000
-977768.000
-975892.000
-973184.000
-971808.000
-969208.000
-969140.000
-967852.000
-964972.000
-963988.000
-962184.000
-960972.000
-928532.000
-882088.000
-881856.000
-880268.000
-878088.000
-875596.000
-932864.000
-947580.000
-943716.000
-943656.000
-942844.000
-940016.000
-938084.000
-934600.000
-935504.000
-931820.000
-933396.000
-930720.000
-929560.000
-927120.000
-926300.000
-925252.000
-921760.000
-922064.000
-918100.000
-917680.000
-913724.000
-912300.000
-911832.000
-908744.000
-907184.000
-906892.000
-905928.000
-902268.000
-901568.000
-900572.000
-896788.000
-897120.000
-893748.000
-893136.000
-890564.000
-890300.000
-887812.000
-887844.000
-885420.000
-882240.000
-882512.000
-879388.000
-876848.000
-876952.000
-875120.000
-872304.000
-873368.000
-870816.000
-868300.000
-865860.000
-864824.000
-863956.000
-861020.000
-860252.000
-859576.000
-857872.000
-855252.000
-854596.000
-851264.000
-850888.000
-849004.000
-847808.000
-847120.000
-843480.000
-843488.000
-839508.000
-839848.000
-837600.000
-836348.000
-834372.000
-832580.000
-832784.000
-829396.000
-828764.000
-827560.000
-824868.000
-824744.000
-821176.000
-821584.000
-818552.000
-817520.000
-815776.000
-814704.000
-788084.000
-787436.000
-784616.000
-782436.000
-783532.000
-793456.000
-804192.000
-802940.000
-798680.000
-799252.000
-797220.000
-797652.000
-795660.000
-792380.000
-792112.000
-790176.000
-789224.000
-786872.000
-785612.000
-785004.000
-783660.000
-781352.000
-780556.000
-777300.000
-775980.000
-774300.000
-773668.000
-772364.000
-770712.000
-768316.000
-767868.000
-765676.000
-764336.000
-763080.000
-761520.000
-759460.000
-758532.000
-756588.000
-755472.000
-753888.000
-753860.000
-751548.000
-748296.000
-748084.000
-734200.000
-732896.000
-731552.000
-731540.000
-731336.000
-739372.000
-738472.000
-737632.000
-734560.000
-731408.000
-731340.000
-727480.000
-728552.000
-727132.000
-726848.000
-724568.000
-721984.000
-720880.000
-717540.000
-718288.000
-716340.000
-715072.000
-712756.000
-713816.000
-711348.000
-708728.000
-707568.000
-706904.000
-705228.000
-704400.000
-703588.000
-701656.000
-699556.000
-697744.000
-697556.000
-694732.000
-694784.000
-692212.000
-691860.000
-690180.000
-688056.000
-686904.000
-686212.000
-685168.000
-671376.000
-670808.000
-669672.000
-668484.000
-667784.000
-676724.000
-674044.000
-674584.000
-672508.000
-668972.000
-667896.000
-666732.000
-665828.000
-666848.000
-664100.000
-662904.000
-661388.000
-658856.000
-656512.000
-655492.000
-657756.000
-653604.000
-651860.000
-651016.000
-650152.000
-648356.000
-646616.000
-645656.000
-643208.000
-641832.000
-640624.000
-639912.000
-639908.000
-637312.000
-636524.000
-634868.000
-623776.000
-622376.000
-621768.000
-629272.000
-627324.000
-626836.000
-625708.000
-624240.000
-594712.000
-581952.000
-581992.000
-579236.000
-576748.000
-588072.000
-613384.000
-611200.000
-609992.000
-609196.000
-609052.000
-607804.000
-607268.000
-606376.000
-603408.000
-602840.000
-602072.000
-600712.000
-599584.000
-597352.000
-596088.000
-594048.000
-594480.000
-592824.000
-592364.000
-588600.000
-589076.000
-587832.000
-584272.000
-585564.000
-582720.000
-582016.000
-581500.000
-579672.000
-578004.000
-577828.000
-576000.000
-574112.000
-571816.000
-572388.000
-571736.000
-570260.000
-568196.000
-566632.000
-564024.000
-555260.000
-554720.000
-554556.000
-552744.000
-551312.000
-558048.000
-556976.000
-556472.000
-554232.000
-552756.000
-552084.000
-549976.000
-549652.000
-548088.000
-547040.000
-545420.000
-543956.000
-542332.000
-541236.000
-540640.000
-538608.000
-537176.000
-535576.000
-536096.000
-534924.000
-531752.000
-532256.000
-529336.000
-529888.000
-528700.000
-527512.000
-525180.000
-525372.000
-524676.000
-521036.000
-521764.000
-520168.000
-517896.000
-516476.000
-516704.000
-516056.000
-514372.000
-512388.000
-511732.000
-510156.000
-511096.000
-508636.000
-507220.000
-505656.000
-502880.000
-501792.000
-502172.000
-501904.000
-500148.000
-498724.000
-497524.000
-496428.000
-495584.000
-493048.000
-491936.000
-491744.000
-489724.000
-488820.000
-487196.000
-486336.000
-486100.000
-484544.000
-483140.000
-481224.000
-480168.000
-480600.000
-479340.000
-477940.000
-475604.000
-476028.000
-474604.000
-473248.000
-472276.000
-469652.000
-469040.000
-466972.000
-466244.000
-463932.000
-464608.000
-463172.000
-461248.000
-461556.000
-460744.000
-459636.000
-457556.000
-457752.000
-454588.000
-454020.000
-453484.000
-451756.000
-451340.000
-451300.000
-448032.000
-448364.000
-445892.000
-445092.000
-444372.000
-442248.000
-441444.000
-441016.000
-439296.000
-439504.000
-437712.000
-436628.000
-433664.000
-434076.000
-432592.000
-431312.000
-430484.000
-430204.000
-428664.000
-427908.000
-426992.000
-425636.000
-423980.000
-423728.000
-422748.000
-420360.000
-420024.000
-419620.000
-417812.000
-415992.000
-415976.000
-414688.000
-413644.000
-411928.000
-391044.000
-384592.000
-383456.000
-384148.000
-382300.000
-381564.000
-399944.000
-399316.000
-396532.000
-396200.000
-395520.000
-397656.000
-399352.000
-396828.000
-395316.000
-394924.000
-392600.000
-392944.000
-392680.000
-389556.000
