; tstsio.txt
;
tlabel=I/O device: Babyface (23431001) USB Audio
size=4800
count=100
rate=48000
tpk=13.958
;
    0.236
    0.231
    0.240
    0.230
    0.230
    0.239
    0.237
    0.228
    0.236
    0.235
    0.234
    0.236
    0.235
    0.236
    0.238
    0.233
    0.234
    0.237
    0.234
    0.235
    0.244
    0.230
    0.239
    0.239
    0.231
    0.234
    0.236
    0.229
    0.235
    0.236
    0.239
    0.232
    0.232
    0.240
    0.230
    0.238
    0.242
    0.238
    0.237
    0.242
    0.242
    0.239
    0.228
    0.237
    0.229
    0.238
    0.240
    0.232
    0.239
    0.231
    0.230
    0.231
    0.233
    0.240
    0.239
    0.236
    0.236
    0.247
    0.238
    0.233
    0.239
    0.233
    0.235
    0.231
    0.232
    0.244
    0.230
    0.239
    0.234
    0.230
    0.240
    0.228
    0.227
    0.240
    0.231
    0.233
    0.234
    0.233
    0.240
    0.233
    0.239
    0.236
    0.235
    0.232
    0.233
    0.235
    0.241
    0.238
    0.232
    0.234
    0.231
    0.230
    0.231
    0.232
    0.230
    0.226
    0.237
    0.226
    0.234
    0.227
    0.231
    0.228
    0.234
    0.228
    0.235
    0.236
    0.227
    0.235
    0.236
    0.225
    0.232
    0.236
    0.236
    0.231
    0.232
    0.231
    0.227
    0.241
    0.232
    0.233
    0.232
    0.228
    0.236
    0.233
    0.226
    0.225
    0.230
    0.235
    0.233
    0.230
    0.228
    0.236
    0.230
    0.234
    0.244
    0.232
    0.230
    0.231
    0.232
    0.225
    0.234
    0.236
    0.230
    0.235
    0.239
    0.226
    0.234
    0.234
    0.227
    0.242
    0.234
    0.225
    0.240
    0.229
    0.227
    0.232
    0.228
    0.243
    0.231
    0.234
    0.234
    0.234
    0.232
    0.228
    0.237
    0.240
    0.231
    0.232
    0.241
    0.222
    0.234
    0.227
    0.234
    0.239
    0.226
    0.237
    0.225
    0.226
    0.229
    0.229
    0.228
    0.231
    0.231
    0.230
    0.236
    0.235
    0.233
    0.225
    0.229
    0.236
    0.229
    0.234
    0.232
    0.229
    0.228
    0.232
    0.234
    0.232
    0.233
    0.224
    0.225
    0.231
    0.226
    0.228
    0.232
    0.231
    0.226
    0.232
    0.236
    0.224
    0.234
    0.230
    0.226
    0.234
    0.231
    0.226
    0.231
    0.231
    0.232
    0.228
    0.229
    0.226
    0.231
    0.229
    0.229
    0.232
    0.229
    0.228
    0.230
    0.225
    0.229
    0.229
    0.228
    0.226
    0.222
    0.228
    0.230
    0.234
    0.227
    0.225
    0.228
    0.223
    0.229
    0.222
    0.230
    0.231
    0.225
    0.220
    0.225
    0.227
    0.228
    0.229
    0.227
    0.221
    0.229
    0.237
    0.224
    0.233
    0.226
    0.223
    0.226
    0.228
    0.231
    0.221
    0.228
    0.237
    0.227
    0.230
    0.223
    0.229
    0.227
    0.226
    0.227
    0.221
    0.221
    0.220
    0.222
    0.219
    0.229
    0.214
    0.218
    0.226
    0.228
    0.231
    0.230
    0.228
    0.226
    0.221
    0.233
    0.224
    0.225
    0.223
    0.229
    0.221
    0.220
    0.222
    0.226
    0.223
    0.219
    0.227
    0.226
    0.222
    0.222
    0.224
    0.222
    0.221
    0.221
    0.219
    0.222
    0.230
    0.212
    0.219
    0.217
    0.221
    0.228
    0.219
    0.224
    0.226
    0.222
    0.228
    0.215
    0.229
    0.230
    0.226
    0.224
    0.223
    0.215
    0.225
    0.217
    0.219
    0.223
    0.219
    0.218
    0.217
    0.218
    0.224
    0.218
    0.219
    0.218
    0.230
    0.224
    0.220
    0.227
    0.224
    0.220
    0.217
    0.237
    0.225
    0.222
    0.222
    0.214
    0.223
    0.230
    0.231
    0.227
    0.218
    0.219
    0.225
    0.219
    0.220
    0.226
    0.228
    0.227
    0.227
    0.219
    0.223
    0.220
    0.226
    0.226
    0.229
    0.220
    0.218
    0.222
    0.218
    0.220
    0.221
    0.228
    0.213
    0.221
    0.222
    0.223
    0.223
    0.224
    0.228
    0.222
    0.226
    0.218
    0.221
    0.224
    0.223
    0.224
    0.227
    0.221
    0.221
    0.216
    0.210
    0.217
    0.212
    0.218
    0.220
    0.223
    0.226
    0.228
    0.222
    0.222
    0.219
    0.219
    0.224
    0.223
    0.218
    0.219
    0.218
    0.224
    0.229
    0.223
    0.213
    0.219
    0.222
    0.219
    0.223
    0.214
    0.212
    0.215
    0.217
    0.217
    0.214
    0.211
    0.221
    0.211
    0.215
    0.218
    0.217
    0.211
    0.214
    0.214
    0.212
    0.212
    0.209
    0.220
    0.224
    0.219
    0.220
    0.208
    0.216
    0.213
    0.212
    0.213
    0.218
    0.215
    0.212
    0.216
    0.215
    0.209
    0.218
    0.209
    0.207
    0.220
    0.219
    0.216
    0.224
    0.217
    0.217
    0.222
    0.210
    0.214
    0.210
    0.217
    0.214
    0.216
    0.210
    0.217
    0.220
    0.224
    0.223
    0.217
    0.211
    0.215
    0.209
    0.211
    0.210
    0.218
    0.214
    0.212
    0.208
    0.215
    0.214
    0.226
    0.207
    0.214
    0.212
    0.217
    0.218
    0.213
    0.220
    0.214
    0.219
    0.215
    0.219
    0.218
    0.220
    0.211
    0.211
    0.213
    0.212
    0.219
    0.212
    0.216
    0.207
    0.214
    0.215
    0.207
    0.208
    0.214
    0.221
    0.215
    0.207
    0.214
    0.209
    0.219
    0.203
    0.220
    0.223
    0.210
    0.209
    0.207
    0.216
    0.209
    0.216
    0.221
    0.210
    0.208
    0.212
    0.214
    0.208
    0.211
    0.217
    0.215
    0.219
    0.208
    0.211
    0.214
    0.213
    0.214
    0.214
    0.213
    0.211
    0.216
    0.209
    0.210
    0.211
    0.206
    0.206
    0.218
    0.210
    0.215
    0.207
    0.204
    0.208
    0.210
    0.206
    0.213
    0.205
    0.204
    0.211
    0.209
    0.210
    0.213
    0.214
    0.205
    0.212
    0.208
    0.209
    0.210
    0.215
    0.208
    0.202
    0.218
    0.208
    0.214
    0.211
    0.215
    0.211
    0.209
    0.209
    0.210
    0.205
    0.216
    0.211
    0.213
    0.205
    0.204
    0.203
    0.216
    0.209
    0.211
    0.209
    0.206
    0.211
    0.196
    0.216
    0.208
    0.199
    0.202
    0.210
    0.211
    0.197
    0.206
    0.210
    0.199
    0.212
    0.207
    0.208
    0.213
    0.210
    0.217
    0.223
    0.212
    0.204
    0.204
    0.208
    0.214
    0.212
    0.211
    0.206
    0.203
    0.206
    0.189
    0.224
    0.188
    0.248
    0.157
    0.268
    0.111
    0.329
    0.037
    0.446
   -0.117
    0.645
   -0.391
    0.984
   -0.829
    1.546
   -1.558
    2.429
   -2.715
    3.742
   -4.253
    5.629
   -6.351
    7.901
   -8.854
   10.585
  -11.623
   13.384
  -14.363
   15.902
  -16.505
   17.568
  -17.438
   17.418
  -15.953
   14.184
  -10.332
    5.322
    2.990
  -14.544
   33.351
  -63.700
  123.776
 -286.293
 3366.813
  521.110
 -274.607
  183.802
 -156.443
  119.625
 -114.884
   88.969
  -89.240
   67.565
  -70.466
   51.035
  -55.562
   37.653
  -43.281
   26.669
  -33.336
   17.774
  -25.324
   10.776
  -19.119
    5.424
  -14.491
    1.583
  -11.195
   -1.123
   -8.937
   -2.900
   -7.453
   -3.949
   -6.575
   -4.570
   -6.068
   -4.938
   -5.745
   -5.138
   -5.559
   -5.234
   -5.452
   -5.283
   -5.388
   -5.289
   -5.335
   -5.288
   -5.308
   -5.274
   -5.269
   -5.264
   -5.258
   -5.144
   -5.127
   -5.114
   -5.112
   -5.103
   -5.096
   -5.194
   -5.178
   -5.183
   -5.165
   -5.159
   -5.158
   -5.148
   -5.133
   -5.126
   -5.125
   -5.105
   -5.106
   -5.094
   -5.087
   -5.081
   -5.024
   -5.017
   -5.062
   -5.053
   -5.042
   -5.034
   -5.022
   -5.023
   -5.016
   -5.004
   -5.002
   -4.996
   -4.989
   -4.974
   -4.969
   -4.964
   -4.957
   -4.944
   -4.946
   -4.939
   -4.930
   -4.922
   -4.913
   -4.903
   -4.906
   -4.893
   -4.839
   -4.779
   -4.722
   -4.715
   -4.709
   -4.701
   -4.741
   -4.791
   -4.838
   -4.827
   -4.817
   -4.818
   -4.807
   -4.800
   -4.796
   -4.791
   -4.786
   -4.772
   -4.770
   -4.766
   -4.752
   -4.749
   -4.747
   -4.691
   -4.688
   -4.724
   -4.721
   -4.711
   -4.706
   -4.707
   -4.691
   -4.693
   -4.685
   -4.684
   -4.669
   -4.665
   -4.660
   -4.645
   -4.639
   -4.643
   -4.635
   -4.626
   -4.618
   -4.615
   -4.615
   -4.604
   -4.600
   -4.592
   -4.537
   -4.482
   -4.471
   -4.477
   -4.464
   -4.458
   -4.503
   -4.556
   -4.544
   -4.533
   -4.531
   -4.520
   -4.515
   -4.512
   -4.510
   -4.505
   -4.496
   -4.492
   -4.485
   -4.483
   -4.472
   -4.463
   -4.464
   -4.454
   -4.451
   -4.454
   -4.434
   -4.436
   -4.430
   -4.428
   -4.423
   -4.406
   -4.407
   -4.400
   -4.396
   -4.384
   -4.387
   -4.375
   -4.373
   -4.365
   -4.365
   -4.349
   -4.353
   -4.352
   -4.337
   -4.332
   -4.328
   -4.329
   -4.225
   -4.222
   -4.216
   -4.212
   -4.210
   -4.214
   -4.287
   -4.290
   -4.285
   -4.271
   -4.273
   -4.274
   -4.259
   -4.261
   -4.251
   -4.237
   -4.250
   -4.239
   -4.229
   -4.227
   -4.217
   -4.220
   -4.206
   -4.210
   -4.203
   -4.197
   -4.188
   -4.184
   -4.184
   -4.168
   -4.170
   -4.166
   -4.157
   -4.157
   -4.150
   -4.144
   -4.136
   -4.139
   -4.126
   -4.075
   -4.082
   -4.065
   -4.065
   -4.109
   -4.106
   -4.087
   -4.082
   -4.090
   -4.084
   -4.032
   -3.986
   -3.990
   -3.982
   -3.977
   -3.972
   -4.009
   -4.044
   -4.036
   -4.033
   -4.034
   -4.024
   -4.021
   -4.015
   -4.002
   -4.015
   -3.995
   -4.004
   -3.988
   -3.981
   -3.980
   -3.976
   -3.969
   -3.969
   -3.963
   -3.954
   -3.954
   -3.951
   -3.947
   -3.948
   -3.945
   -3.939
   -3.935
   -3.919
   -3.917
   -3.910
   -3.903
   -3.903
   -3.904
   -3.894
   -3.889
   -3.887
   -3.882
   -3.874
   -3.868
   -3.870
   -3.863
   -3.859
   -3.816
   -3.809
   -3.803
   -3.801
   -3.792
   -3.791
   -3.828
   -3.828
   -3.811
   -3.815
   -3.810
   -3.807
   -3.799
   -3.799
   -3.791
   -3.786
   -3.779
   -3.776
   -3.770
   -3.766
   -3.757
   -3.749
   -3.756
   -3.747
   -3.748
   -3.739
   -3.743
   -3.735
   -3.724
   -3.731
   -3.720
   -3.718
   -3.704
   -3.702
   -3.700
   -3.698
   -3.688
   -3.685
   -3.684
   -3.670
   -3.675
   -3.663
   -3.663
   -3.666
   -3.665
   -3.653
   -3.654
   -3.650
   -3.641
   -3.640
   -3.634
   -3.627
   -3.615
   -3.611
   -3.614
   -3.611
   -3.594
   -3.603
   -3.600
   -3.592
   -3.586
   -3.582
   -3.582
   -3.580
   -3.573
   -3.572
   -3.570
   -3.560
   -3.556
   -3.551
   -3.549
   -3.546
   -3.539
   -3.540
   -3.528
   -3.521
   -3.521
   -3.518
   -3.511
   -3.509
   -3.513
   -3.497
   -3.496
   -3.485
   -3.490
   -3.490
   -3.485
   -3.474
   -3.472
   -3.464
   -3.467
   -3.459
   -3.452
   -3.451
   -3.448
   -3.397
   -3.362
   -3.329
   -3.320
   -3.323
   -3.317
   -3.345
   -3.383
   -3.409
   -3.402
   -3.401
   -3.398
   -3.396
   -3.393
   -3.387
   -3.379
   -3.377
   -3.377
   -3.363
   -3.368
   -3.363
   -3.356
   -3.364
   -3.347
   -3.349
   -3.344
   -3.337
   -3.336
   -3.332
   -3.326
   -3.327
   -3.318
   -3.313
   -3.313
   -3.314
   -3.314
   -3.300
   -3.300
   -3.296
   -3.290
   -3.285
   -3.275
   -3.285
   -3.281
   -3.275
   -3.268
   -3.266
   -3.255
   -3.222
   -3.145
   -3.148
   -3.146
   -3.132
   -3.131
   -3.169
   -3.237
   -3.230
   -3.219
   -3.209
   -3.215
   -3.208
   -3.210
   -3.205
   -3.208
   -3.199
   -3.197
   -3.184
   -3.186
   -3.175
   -3.174
   -3.172
   -3.173
   -3.156
   -3.155
   -3.156
   -3.153
   -3.149
   -3.146
   -3.144
   -3.134
   -3.129
   -3.128
   -3.130
   -3.123
   -3.120
   -3.113
   -3.110
   -3.101
   -3.106
   -3.103
   -3.097
   -3.102
   -3.089
   -3.090
   -3.080
   -3.081
   -3.075
   -3.066
   -3.070
   -3.065
   -3.068
   -3.063
   -3.053
   -3.052
   -3.043
   -3.042
   -3.036
   -3.035
   -3.031
   -3.031
   -3.024
   -3.016
   -3.011
   -3.017
   -3.013
   -3.008
   -2.995
   -2.996
   -2.966
   -2.962
   -2.983
   -2.984
   -2.982
   -2.978
   -2.981
   -2.967
   -2.971
   -2.963
   -2.958
   -2.950
   -2.948
   -2.945
   -2.943
   -2.936
   -2.939
   -2.924
   -2.930
   -2.925
   -2.928
   -2.914
   -2.912
   -2.913
   -2.900
   -2.900
   -2.903
   -2.905
   -2.894
   -2.893
   -2.887
   -2.885
   -2.875
   -2.872
   -2.877
   -2.876
   -2.870
   -2.862
   -2.865
   -2.857
   -2.848
   -2.849
   -2.855
   -2.845
   -2.839
   -2.829
   -2.831
   -2.832
   -2.832
   -2.828
   -2.823
   -2.804
   -2.808
   -2.816
   -2.804
   -2.799
   -2.806
   -2.798
   -2.785
   -2.789
   -2.786
   -2.785
   -2.777
   -2.781
   -2.777
   -2.775
   -2.766
   -2.760
   -2.761
   -2.762
   -2.752
   -2.748
   -2.745
   -2.746
   -2.709
   -2.683
   -2.675
   -2.680
   -2.659
   -2.669
   -2.695
   -2.722
   -2.719
   -2.719
   -2.715
   -2.712
   -2.702
   -2.700
   -2.701
   -2.697
   -2.684
   -2.682
   -2.686
   -2.681
   -2.673
   -2.673
   -2.675
   -2.662
   -2.657
   -2.661
   -2.662
   -2.660
   -2.648
   -2.656
   -2.647
   -2.645
   -2.643
   -2.641
   -2.632
   -2.635
   -2.630
   -2.620
   -2.623
   -2.618
   -2.618
   -2.616
   -2.611
   -2.606
   -2.601
   -2.602
   -2.594
   -2.595
   -2.587
   -2.561
   -2.555
   -2.554
   -2.554
   -2.549
   -2.548
   -2.567
   -2.573
   -2.560
   -2.554
   -2.566
   -2.553
   -2.554
   -2.545
   -2.546
   -2.540
   -2.530
   -2.528
   -2.528
   -2.527
   -2.524
   -2.522
   -2.519
   -2.512
   -2.510
   -2.511
   -2.503
   -2.504
   -2.500
   -2.501
   -2.495
   -2.485
   -2.490
   -2.488
   -2.478
   -2.483
   -2.469
   -2.475
   -2.465
   -2.467
   -2.459
   -2.462
   -2.457
   -2.454
   -2.454
   -2.448
   -2.445
   -2.439
   -2.438
   -2.438
   -2.436
   -2.426
   -2.428
   -2.428
   -2.418
   -2.423
   -2.407
   -2.413
   -2.412
   -2.409
   -2.403
   -2.397
   -2.399
   -2.393
   -2.387
   -2.388
   -2.383
   -2.372
   -2.382
   -2.351
   -2.345
   -2.365
   -2.372
   -2.370
   -2.357
   -2.353
   -2.351
   -2.351
   -2.349
   -2.347
   -2.337
   -2.333
   -2.342
   -2.333
   -2.328
   -2.336
   -2.318
   -2.322
   -2.326
   -2.318
   -2.318
   -2.310
   -2.303
   -2.300
   -2.307
   -2.289
   -2.272
   -2.268
   -2.266
   -2.259
   -2.264
   -2.258
   -2.288
   -2.274
   -2.267
   -2.271
   -2.263
   -2.263
   -2.256
   -2.253
   -2.253
   -2.251
   -2.246
   -2.236
   -2.243
   -2.242
   -2.242
   -2.237
   -2.225
   -2.230
   -2.221
   -2.218
   -2.210
   -2.212
   -2.211
   -2.213
   -2.207
   -2.201
   -2.200
   -2.198
   -2.199
   -2.193
   -2.189
   -2.190
   -2.184
   -2.191
   -2.172
   -2.182
   -2.171
   -2.174
   -2.170
   -2.167
   -2.164
   -2.147
   -2.144
   -2.138
   -2.133
   -2.125
   -2.123
   -2.146
   -2.140
   -2.140
   -2.138
   -2.141
   -2.130
   -2.127
   -2.133
   -2.125
   -2.117
   -2.120
   -2.114
   -2.106
   -2.106
   -2.106
   -2.102
   -2.104
   -2.110
   -2.105
   -2.093
   -2.101
   -2.078
   -2.089
   -2.088
   -2.089
   -2.084
   -2.080
   -2.074
   -2.071
   -2.066
   -2.070
   -2.065
   -2.062
   -2.057
   -2.054
   -2.051
   -2.050
   -2.048
   -2.056
   -2.038
   -2.050
   -2.033
   -2.013
   -1.985
   -1.981
   -1.987
   -1.984
   -1.978
   -1.991
   -2.011
   -2.009
   -2.008
   -2.005
   -2.005
   -2.002
   -1.999
   -2.000
   -1.995
   -1.993
   -1.985
   -1.989
   -1.982
   -1.985
   -1.984
   -1.989
   -1.978
   -1.974
   -1.977
   -1.965
   -1.964
   -1.966
   -1.969
   -1.952
   -1.950
   -1.955
   -1.961
   -1.952
   -1.943
   -1.940
   -1.940
   -1.941
   -1.940
   -1.938
   -1.927
   -1.928
   -1.928
   -1.926
   -1.922
   -1.916
   -1.913
   -1.909
   -1.894
   -1.861
   -1.854
   -1.858
   -1.862
   -1.860
   -1.875
   -1.887
   -1.893
   -1.884
   -1.881
   -1.882
   -1.884
   -1.873
   -1.880
   -1.874
   -1.871
   -1.862
   -1.859
   -1.870
   -1.859
   -1.859
   -1.832
   -1.838
   -1.850
   -1.850
   -1.845
   -1.845
   -1.846
   -1.835
   -1.835
   -1.839
   -1.832
   -1.829
   -1.833
   -1.822
   -1.824
   -1.813
   -1.817
   -1.817
   -1.817
   -1.805
   -1.804
   -1.809
   -1.805
   -1.803
   -1.798
   -1.783
   -1.758
   -1.733
   -1.733
   -1.729
   -1.730
   -1.738
   -1.763
   -1.778
   -1.776
   -1.774
   -1.770
   -1.766
   -1.764
   -1.758
   -1.761
   -1.760
   -1.760
   -1.752
   -1.752
   -1.755
   -1.746
   -1.715
   -1.716
   -1.737
   -1.745
   -1.737
   -1.734
   -1.730
   -1.724
   -1.732
   -1.724
   -1.721
   -1.711
   -1.721
   -1.710
   -1.712
   -1.709
   -1.708
   -1.711
   -1.703
   -1.696
   -1.700
   -1.697
   -1.698
   -1.694
   -1.694
   -1.690
   -1.641
   -1.605
   -1.605
   -1.605
   -1.603
   -1.607
   -1.641
   -1.674
   -1.665
   -1.668
   -1.654
   -1.659
   -1.659
   -1.661
   -1.654
   -1.656
   -1.661
   -1.655
   -1.651
   -1.645
   -1.644
   -1.637
   -1.644
   -1.634
   -1.635
   -1.629
   -1.633
   -1.621
   -1.625
   -1.629
   -1.615
   -1.616
   -1.626
   -1.618
   -1.618
   -1.616
   -1.607
   -1.612
   -1.613
   -1.602
   -1.608
   -1.600
   -1.599
   -1.594
   -1.586
   -1.590
   -1.592
   -1.590
   -1.588
   -1.578
   -1.576
   -1.577
   -1.568
   -1.570
   -1.570
   -1.566
   -1.564
   -1.564
   -1.560
   -1.555
   -1.561
   -1.555
   -1.551
   -1.549
   -1.551
   -1.555
   -1.542
   -1.539
   -1.531
   -1.547
   -1.539
   -1.536
   -1.541
   -1.529
   -1.523
   -1.530
   -1.518
   -1.520
   -1.527
   -1.523
   -1.522
   -1.519
   -1.514
   -1.510
   -1.510
   -1.510
   -1.504
   -1.498
   -1.505
   -1.498
   -1.499
   -1.500
   -1.502
   -1.492
   -1.487
   -1.483
   -1.481
   -1.444
   -1.449
   -1.445
   -1.442
   -1.438
   -1.446
   -1.469
   -1.471
   -1.471
   -1.467
   -1.463
   -1.466
   -1.455
   -1.455
   -1.451
   -1.450
   -1.460
   -1.447
   -1.449
   -1.443
   -1.430
   -1.443
   -1.440
   -1.431
   -1.424
   -1.435
   -1.431
   -1.425
   -1.419
   -1.420
   -1.431
   -1.420
   -1.416
   -1.416
   -1.418
   -1.416
   -1.407
   -1.409
   -1.403
   -1.405
   -1.397
   -1.399
   -1.398
   -1.394
   -1.394
   -1.392
   -1.391
   -1.386
   -1.376
   -1.372
   -1.364
   -1.368
   -1.362
   -1.364
   -1.374
   -1.373
   -1.372
   -1.371
   -1.365
   -1.356
   -1.366
   -1.360
   -1.353
   -1.355
   -1.353
   -1.351
   -1.353
   -1.349
   -1.346
   -1.335
   -1.344
   -1.338
   -1.344
   -1.341
   -1.333
   -1.333
   -1.333
   -1.329
   -1.331
   -1.326
   -1.325
   -1.324
   -1.321
   -1.316
   -1.314
   -1.310
   -1.319
   -1.307
   -1.302
   -1.311
   -1.306
   -1.309
   -1.315
   -1.301
   -1.301
   -1.298
   -1.297
   -1.289
   -1.290
   -1.289
   -1.292
   -1.286
   -1.285
   -1.280
   -1.276
   -1.277
   -1.272
   -1.275
   -1.275
   -1.277
   -1.271
   -1.265
   -1.262
   -1.266
   -1.273
   -1.261
   -1.259
   -1.256
   -1.256
   -1.249
   -1.254
   -1.257
   -1.244
   -1.250
   -1.242
   -1.242
   -1.235
   -1.235
   -1.235
   -1.232
   -1.234
   -1.231
   -1.236
   -1.236
   -1.225
   -1.231
   -1.223
   -1.217
   -1.208
   -1.223
   -1.222
   -1.209
   -1.222
   -1.187
   -1.196
   -1.187
   -1.191
   -1.186
   -1.191
   -1.202
   -1.191
   -1.195
   -1.190
   -1.191
   -1.180
   -1.192
   -1.192
   -1.183
   -1.185
   -1.177
   -1.185
   -1.176
   -1.175
   -1.173
   -1.169
   -1.178
   -1.164
   -1.167
   -1.173
   -1.158
   -1.164
   -1.160
   -1.155
   -1.155
   -1.158
   -1.154
   -1.154
   -1.151
   -1.145
   -1.147
   -1.150
   -1.148
   -1.128
   -1.125
   -1.125
   -1.123
   -1.142
   -1.139
   -1.132
   -1.127
   -1.124
   -1.127
   -1.123
   -1.117
   -1.127
   -1.129
   -1.121
   -1.122
   -1.125
   -1.120
   -1.109
   -1.106
   -1.117
   -1.111
   -1.122
   -1.101
   -1.107
   -1.104
   -1.103
   -1.103
   -1.097
   -1.108
   -1.097
   -1.098
   -1.099
   -1.088
   -1.092
   -1.091
   -1.084
   -1.087
   -1.084
   -1.083
   -1.072
   -1.087
   -1.076
   -1.071
   -1.071
   -1.062
   -1.069
   -1.073
   -1.067
   -1.062
   -1.060
   -1.069
   -1.069
   -1.066
   -1.057
   -1.061
   -1.053
   -1.050
   -1.016
   -1.009
   -1.014
   -1.000
   -1.002
   -1.001
   -1.044
   -1.040
   -1.032
   -1.039
   -1.033
   -1.028
   -1.030
   -1.035
   -1.024
   -1.027
   -1.029
   -1.032
   -1.020
   -1.013
   -1.023
   -1.017
   -1.015
   -1.018
   -1.010
   -1.008
   -1.001
   -1.004
   -1.003
   -1.003
   -1.001
   -0.995
   -0.997
   -0.995
   -0.998
   -0.990
   -0.989
   -0.996
   -0.991
   -0.984
   -0.983
   -0.988
   -0.978
   -0.986
   -0.981
   -0.982
   -0.980
   -0.967
   -0.955
   -0.949
   -0.953
   -0.943
   -0.948
   -0.956
   -0.964
   -0.955
   -0.957
   -0.970
   -0.971
   -0.969
   -0.959
   -0.952
   -0.963
   -0.959
   -0.951
   -0.961
   -0.947
   -0.940
   -0.945
   -0.945
   -0.939
   -0.949
   -0.946
   -0.940
   -0.939
   -0.937
   -0.925
   -0.932
   -0.931
   -0.927
   -0.926
   -0.930
   -0.929
   -0.921
   -0.914
   -0.917
   -0.917
   -0.920
   -0.913
   -0.923
   -0.915
   -0.914
   -0.909
   -0.906
   -0.905
   -0.907
   -0.898
   -0.883
   -0.889
   -0.889
   -0.888
   -0.893
   -0.896
   -0.895
   -0.891
   -0.885
   -0.894
   -0.887
   -0.891
   -0.888
   -0.879
   -0.886
   -0.881
   -0.883
   -0.883
   -0.881
   -0.875
   -0.872
   -0.874
   -0.872
   -0.876
   -0.866
   -0.860
   -0.863
   -0.856
   -0.863
   -0.863
   -0.870
   -0.856
   -0.852
   -0.857
   -0.848
   -0.854
   -0.849
   -0.851
   -0.848
   -0.848
   -0.851
   -0.843
   -0.837
   -0.841
   -0.846
   -0.837
   -0.827
   -0.778
   -0.819
   -0.770
   -0.833
   -0.753
   -0.849
   -0.822
   -0.828
   -0.830
   -0.823
   -0.822
   -0.825
   -0.822
   -0.817
   -0.817
   -0.813
   -0.820
   -0.808
   -0.810
   -0.806
   -0.811
   -0.808
   -0.802
   -0.805
   -0.799
   -0.793
   -0.796
   -0.799
   -0.795
   -0.797
   -0.797
   -0.787
   -0.800
   -0.793
   -0.789
   -0.788
   -0.788
   -0.783
   -0.780
   -0.777
   -0.771
   -0.786
   -0.775
   -0.772
   -0.777
   -0.774
   -0.772
   -1.098
   -0.398
   -1.259
   -0.540
   -1.133
   -0.642
   -0.903
   -0.760
   -0.762
   -0.760
   -0.763
   -0.757
   -0.765
   -0.759
   -0.755
   -0.753
   -0.758
   -0.756
   -0.747
   -0.751
   -0.753
   -0.747
   -0.741
   -0.745
   -0.738
   -0.748
   -0.742
   -0.738
   -0.736
   -0.737
   -0.735
   -0.728
   -0.732
   -0.728
   -0.730
   -0.731
   -0.731
   -0.716
   -0.727
   -0.725
   -0.721
   -0.714
   -0.716
   -0.727
   -0.722
   -0.714
   -0.718
   -0.721
   -0.754
   -0.796
   -0.794
   -0.781
   -0.793
   -0.788
   -0.743
   -0.702
   -0.697
   -0.701
   -0.693
   -0.701
   -0.696
   -0.696
   -0.688
   -0.689
   -0.686
   -0.691
   -0.686
   -0.692
   -0.691
   -0.691
   -0.683
   -0.686
   -0.675
   -0.678
   -0.685
   -0.673
   -0.676
   -0.671
   -0.679
   -0.665
   -0.672
   -0.673
   -0.668
   -0.675
   -0.666
   -0.666
   -0.660
   -0.666
   -0.662
   -0.661
   -0.664
   -0.655
   -0.657
   -0.655
   -0.664
   -0.654
   -0.657
   -0.734
   -0.726
   -0.728
   -0.730
   -0.734
   -0.727
   -0.648
   -0.637
   -0.641
   -0.641
   -0.644
   -0.637
   -0.641
   -0.638
   -0.635
   -0.644
   -0.638
   -0.638
   -0.635
   -0.626
   -0.623
   -0.625
   -0.630
   -0.620
   -0.627
   -0.628
   -0.619
   -0.625
   -0.624
   -0.622
   -0.620
   -0.621
   -0.610
   -0.612
   -0.604
   -0.609
   -0.607
   -0.606
   -0.604
   -0.605
   -0.598
   -0.600
   -0.600
   -0.602
   -0.589
   -0.594
   -0.602
   -0.597
   -0.600
   -0.592
   -0.589
   -0.581
   -0.583
   -0.583
   -0.589
   -0.584
   -0.580
   -0.581
   -0.579
   -0.580
   -0.584
   -0.584
   -0.582
   -0.583
   -0.579
   -0.574
   -0.572
   -0.570
   -0.569
   -0.569
   -0.610
   -0.610
   -0.567
   -0.563
   -0.574
   -0.569
   -0.564
   -0.566
   -0.557
   -0.566
   -0.559
   -0.559
   -0.562
   -0.560
   -0.546
   -0.549
   -0.556
   -0.555
   -0.555
   -0.553
   -0.549
   -0.550
   -0.553
   -0.547
   -0.550
   -0.575
   -0.577
   -0.576
   -0.578
   -0.580
   -0.578
   -0.545
   -0.537
   -0.542
   -0.540
   -0.534
   -0.532
   -0.540
   -0.533
   -0.529
   -0.531
   -0.535
   -0.520
   -0.525
   -0.533
   -0.519
   -0.531
   -0.558
   -0.557
   -0.523
   -0.523
   -0.523
   -0.518
   -0.507
   -0.511
   -0.517
   -0.516
   -0.508
   -0.512
   -0.516
   -0.510
   -0.507
   -0.507
   -0.505
   -0.511
   -0.503
   -0.488
   -0.498
   -0.493
   -0.502
   -0.505
   -0.505
   -0.495
   -0.537
   -0.558
   -0.557
   -0.564
   -0.560
   -0.556
   -0.523
   -0.489
   -0.484
   -0.483
   -0.490
   -0.483
   -0.482
   -0.485
   -0.486
   -0.478
   -0.481
   -0.473
   -0.478
   -0.478
   -0.473
   -0.477
   -0.474
   -0.486
   -0.467
   -0.464
   -0.468
   -0.469
   -0.463
   -0.467
   -0.468
   -0.471
   -0.468
   -0.461
   -0.459
   -0.461
   -0.462
   -0.462
   -0.454
   -0.454
   -0.455
   -0.448
   -0.450
   -0.450
   -0.453
   -0.445
   -0.437
   -0.448
   -0.474
   -0.481
   -0.473
   -0.474
   -0.473
   -0.472
   -0.438
   -0.438
   -0.441
   -0.427
   -0.437
   -0.432
   -0.436
   -0.438
   -0.430
   -0.427
   -0.432
   -0.423
   -0.429
   -0.430
   -0.436
   -0.419
   -0.424
   -0.428
   -0.421
   -0.424
   -0.421
   -0.423
   -0.412
   -0.419
   -0.418
   -0.413
   -0.414
   -0.423
   -0.414
   -0.419
   -0.417
   -0.414
   -0.410
   -0.412
   -0.405
   -0.398
   -0.399
   -0.402
   -0.412
   -0.399
   -0.398
   -0.408
   -0.426
   -0.474
   -0.428
   -0.432
   -0.438
   -0.429
   -0.435
   -0.395
   -0.399
   -0.388
   -0.396
   -0.397
   -0.393
   -0.399
   -0.387
   -0.392
   -0.390
   -0.387
   -0.386
   -0.379
   -0.388
   -0.383
   -0.388
   -0.382
   -0.384
   -0.376
   -0.379
   -0.376
   -0.374
   -0.370
   -0.373
   -0.368
   -0.368
   -0.372
   -0.367
   -0.369
   -0.364
   -0.363
   -0.366
   -0.365
   -0.369
   -0.362
   -0.368
   -0.362
   -0.364
   -0.354
   -0.362
   -0.356
   -0.383
   -0.415
   -0.413
   -0.407
   -0.415
   -0.415
   -0.378
   -0.349
   -0.350
   -0.347
   -0.344
   -0.348
   -0.353
   -0.347
   -0.347
   -0.336
   -0.339
   -0.343
   -0.336
   -0.342
   -0.342
   -0.326
   -0.339
   -0.341
   -0.338
   -0.337
   -0.331
   -0.333
   -0.331
   -0.336
   -0.334
   -0.330
   -0.335
   -0.333
   -0.331
   -0.331
   -0.329
   -0.330
   -0.318
   -0.329
   -0.332
   -0.329
   -0.318
   -0.326
   -0.317
   -0.317
   -0.315
   -0.320
   -0.319
   -0.342
   -0.342
   -0.345
   -0.343
   -0.343
   -0.339
   -0.311
   -0.312
   -0.303
   -0.305
   -0.311
   -0.303
   -0.303
   -0.308
   -0.305
   -0.304
   -0.307
   -0.307
   -0.304
   -0.302
   -0.305
   -0.295
   -0.301
   -0.290
   -0.296
   -0.301
   -0.301
   -0.295
   -0.291
   -0.290
   -0.296
   -0.290
   -0.299
   -0.288
   -0.289
   -0.295
   -0.288
   -0.295
   -0.291
   -0.282
   -0.282
   -0.283
   -0.282
   -0.281
   -0.281
   -0.279
   -0.301
   -0.361
   -0.358
   -0.357
   -0.359
   -0.357
   -0.334
   -0.271
   -0.280
   -0.268
   -0.266
   -0.270
   -0.271
   -0.265
   -0.269
   -0.269
   -0.267
   -0.269
   -0.270
   -0.259
   -0.264
   -0.265
   -0.264
   -0.265
   -0.260
   -0.255
   -0.257
   -0.260
   -0.256
   -0.256
   -0.251
   -0.254
   -0.256
   -0.257
   -0.261
   -0.243
   -0.248
   -0.250
   -0.245
   -0.250
   -0.249
   -0.252
   -0.240
   -0.240
   -0.240
   -0.234
   -0.239
   -0.250
   -0.245
   -0.238
   -0.232
   -0.233
   -0.235
   -0.237
   -0.232
   -0.236
   -0.237
   -0.235
   -0.233
   -0.228
   -0.235
   -0.217
   -0.225
   -0.230
   -0.228
   -0.231
   -0.234
   -0.223
   -0.223
   -0.226
   -0.222
   -0.219
   -0.220
   -0.224
   -0.215
   -0.224
   -0.225
   -0.222
   -0.219
   -0.225
   -0.217
   -0.206
   -0.215
   -0.215
   -0.208
   -0.208
   -0.220
   -0.213
   -0.210
   -0.218
   -0.211
   -0.206
   -0.209
   -0.208
   -0.205
   -0.204
   -0.201
   -0.252
   -0.253
   -0.256
   -0.251
   -0.249
   -0.252
   -0.202
   -0.193
   -0.197
   -0.197
   -0.202
   -0.194
   -0.195
   -0.198
   -0.196
   -0.181
   -0.195
   -0.199
   -0.185
   -0.199
   -0.189
   -0.182
   -0.185
   -0.184
   -0.193
   -0.186
   -0.185
   -0.182
   -0.184
   -0.183
   -0.179
   -0.181
   -0.185
   -0.172
   -0.177
   -0.180
   -0.175
   -0.181
   -0.173
   -0.212
   -0.206
   -0.201
   -0.194
   -0.174
   -0.179
   -0.174
   -0.166
   -0.167
   -0.219
   -0.239
   -0.238
   -0.242
   -0.234
   -0.242
   -0.187
   -0.164
   -0.172
   -0.166
   -0.164
   -0.164
   -0.163
   -0.160
   -0.149
   -0.161
   -0.161
   -0.160
   -0.156
   -0.151
   -0.149
   -0.156
   -0.153
   -0.154
   -0.151
   -0.149
   -0.151
   -0.153
   -0.157
   -0.151
   -0.151
   -0.155
   -0.143
   -0.145
   -0.148
   -0.145
   -0.150
   -0.148
   -0.142
   -0.141
   -0.139
   -0.145
   -0.144
   -0.148
   -0.139
   -0.135
   -0.140
   -0.141
   -0.136
   -0.159
   -0.162
   -0.159
   -0.156
   -0.156
   -0.153
   -0.137
   -0.126
   -0.133
   -0.124
   -0.133
   -0.136
   -0.129
   -0.133
   -0.129
   -0.133
   -0.133
   -0.126
   -0.128
   -0.130
   -0.127
   -0.129
   -0.132
   -0.118
   -0.127
   -0.124
   -0.125
   -0.127
   -0.124
   -0.122
   -0.125
   -0.120
   -0.116
   -0.123
   -0.119
   -0.116
   -0.118
   -0.114
   -0.115
   -0.112
   -0.111
   -0.113
   -0.111
   -0.109
   -0.106
   -0.104
   -0.113
   -0.111
   -0.114
   -0.112
   -0.107
   -0.106
   -0.106
   -0.106
   -0.111
   -0.107
   -0.104
   -0.107
   -0.107
   -0.092
   -0.105
   -0.108
   -0.099
   -0.093
   -0.099
   -0.091
   -0.096
   -0.105
   -0.106
   -0.095
   -0.095
   -0.092
   -0.087
   -0.102
   -0.098
   -0.093
   -0.095
   -0.092
   -0.091
   -0.087
   -0.093
   -0.083
   -0.090
   -0.089
   -0.082
   -0.090
   -0.083
   -0.083
   -0.085
   -0.089
   -0.091
   -0.084
   -0.090
   -0.084
   -0.085
   -0.082
   -0.080
   -0.078
   -0.083
   -0.085
   -0.086
   -0.078
   -0.075
   -0.072
   -0.075
   -0.074
   -0.078
   -0.072
   -0.074
   -0.076
   -0.071
   -0.075
   -0.069
   -0.071
   -0.069
   -0.065
   -0.074
   -0.067
   -0.077
   -0.069
   -0.060
   -0.068
   -0.070
   -0.067
   -0.064
   -0.063
   -0.065
   -0.067
   -0.072
   -0.057
   -0.063
   -0.061
   -0.066
   -0.063
   -0.065
   -0.062
   -0.060
   -0.067
   -0.056
   -0.055
   -0.052
   -0.055
   -0.052
   -0.053
   -0.092
   -0.092
   -0.096
   -0.090
   -0.086
   -0.084
   -0.051
   -0.044
   -0.052
   -0.053
   -0.053
   -0.051
   -0.054
   -0.042
   -0.057
   -0.052
   -0.052
   -0.038
   -0.047
   -0.051
   -0.048
   -0.053
   -0.053
   -0.046
   -0.044
   -0.051
   -0.051
   -0.046
   -0.036
   -0.042
   -0.041
   -0.036
   -0.041
   -0.028
   -0.043
   -0.030
   -0.032
   -0.039
   -0.041
   -0.033
   -0.031
   -0.040
   -0.033
   -0.033
   -0.040
   -0.042
   -0.037
   -0.051
   -0.052
   -0.052
   -0.056
   -0.044
   -0.059
   -0.029
   -0.032
   -0.027
   -0.028
   -0.026
   -0.022
   -0.026
   -0.027
   -0.021
   -0.022
   -0.027
   -0.027
   -0.027
   -0.027
   -0.032
   -0.020
   -0.023
   -0.043
   -0.041
   -0.018
   -0.016
   -0.019
   -0.020
   -0.020
   -0.016
   -0.020
   -0.017
   -0.015
   -0.010
   -0.015
   -0.011
   -0.015
   -0.016
   -0.032
   -0.030
   -0.035
   -0.027
   -0.014
   -0.009
   -0.011
   -0.007
   -0.008
   -0.006
   -0.025
   -0.027
   -0.028
   -0.022
   -0.016
   -0.022
    0.003
   -0.001
   -0.005
    0.001
   -0.006
   -0.009
   -0.011
   -0.002
   -0.007
    0.000
   -0.001
   -0.006
   -0.009
   -0.000
    0.001
    0.005
    0.002
    0.002
    0.003
   -0.001
   -0.003
    0.004
    0.006
    0.006
    0.000
    0.010
    0.008
    0.003
    0.009
    0.002
    0.006
    0.008
    0.002
    0.003
    0.006
    0.021
    0.004
    0.007
    0.007
    0.011
    0.011
    0.002
   -0.005
   -0.002
   -0.011
   -0.006
   -0.002
   -0.003
    0.020
    0.014
    0.018
    0.015
    0.015
    0.014
    0.013
    0.014
    0.012
    0.016
    0.012
    0.018
    0.013
    0.018
    0.019
    0.027
    0.024
    0.014
    0.029
    0.024
    0.020
    0.022
    0.020
    0.023
    0.026
    0.026
    0.017
    0.023
    0.028
    0.024
    0.030
    0.029
    0.030
    0.030
    0.031
    0.029
    0.028
    0.033
    0.035
    0.028
    0.012
    0.010
    0.004
   -0.003
    0.002
   -0.007
    0.014
    0.020
    0.038
    0.034
    0.036
    0.034
    0.032
    0.041
    0.037
    0.037
    0.040
    0.040
    0.036
    0.041
    0.027
    0.047
    0.038
    0.037
    0.040
    0.043
    0.049
    0.044
    0.048
    0.056
    0.033
    0.045
    0.048
    0.043
    0.037
    0.044
    0.043
    0.052
    0.052
    0.049
    0.058
    0.053
    0.049
    0.049
    0.052
    0.045
    0.048
    0.047
    0.051
    0.030
    0.043
    0.036
    0.035
    0.036
    0.028
    0.049
    0.053
    0.053
    0.048
    0.059
    0.049
    0.059
    0.058
    0.054
    0.059
    0.056
    0.059
    0.052
    0.055
    0.054
    0.063
    0.063
    0.051
    0.061
    0.054
    0.055
    0.061
    0.059
    0.056
    0.056
    0.056
    0.061
    0.067
    0.067
    0.062
    0.069
    0.068
    0.063
    0.065
    0.065
    0.064
    0.066
    0.068
    0.073
    0.066
    0.063
    0.072
    0.057
    0.054
    0.053
    0.047
    0.058
    0.049
    0.066
    0.072
    0.063
    0.071
    0.071
    0.070
    0.078
    0.080
    0.081
    0.074
    0.072
    0.074
    0.071
    0.082
    0.077
    0.074
    0.066
    0.061
    0.073
    0.083
    0.070
    0.073
    0.080
    0.074
    0.075
    0.075
    0.076
    0.078
    0.078
    0.076
    0.073
    0.080
    0.080
    0.070
    0.087
    0.086
    0.084
    0.080
    0.074
    0.085
    0.084
    0.068
    0.045
    0.042
    0.036
    0.046
    0.053
    0.055
    0.078
    0.085
    0.080
    0.088
    0.086
    0.084
    0.084
    0.091
    0.094
    0.087
    0.092
    0.092
    0.080
    0.093
    0.095
    0.091
    0.088
    0.089
    0.093
    0.091
    0.089
    0.098
    0.094
    0.097
    0.093
    0.105
    0.095
    0.096
    0.095
    0.093
    0.097
    0.093
    0.097
    0.093
    0.101
    0.091
    0.098
    0.090
    0.093
    0.103
    0.094
    0.087
    0.087
    0.089
    0.087
    0.082
    0.083
    0.097
    0.103
    0.104
    0.095
    0.108
    0.091
    0.101
    0.107
    0.109
    0.099
    0.099
    0.099
    0.100
    0.109
    0.104
    0.107
    0.112
    0.104
    0.112
    0.105
    0.105
    0.101
    0.112
    0.108
    0.104
    0.106
    0.107
    0.112
    0.106
    0.109
    0.107
    0.119
    0.114
    0.108
    0.119
    0.111
    0.108
    0.110
    0.115
    0.113
    0.110
    0.112
    0.117
    0.115
    0.114
    0.113
    0.120
    0.110
    0.115
    0.113
    0.120
    0.116
    0.116
    0.115
    0.116
    0.121
    0.120
    0.115
    0.120
    0.111
    0.122
    0.119
    0.111
    0.122
    0.128
    0.116
    0.109
    0.122
    0.125
    0.119
    0.127
    0.125
    0.119
    0.124
    0.124
    0.120
    0.126
    0.124
    0.126
    0.121
    0.122
    0.124
    0.126
    0.124
    0.126
    0.131
    0.126
    0.128
    0.134
    0.133
    0.134
    0.116
    0.114
    0.119
    0.127
    0.114
    0.119
    0.130
    0.127
    0.128
    0.132
    0.136
    0.120
    0.131
    0.132
    0.134
    0.129
    0.133
    0.131
    0.133
    0.133
    0.130
    0.130
    0.130
    0.135
    0.132
    0.133
    0.134
    0.134
    0.131
    0.136
    0.134
    0.133
    0.139
    0.143
    0.139
    0.140
    0.140
    0.131
    0.146
    0.135
    0.135
    0.143
    0.138
    0.142
    0.141
    0.138
    0.140
    0.138
    0.130
    0.127
    0.128
    0.137
    0.129
    0.131
    0.147
    0.145
    0.136
    0.142
    0.138
    0.143
    0.139
    0.142
    0.143
    0.140
    0.137
    0.146
    0.148
    0.135
    0.147
    0.149
    0.150
    0.147
    0.147
    0.145
    0.144
    0.151
    0.144
    0.145
    0.142
    0.144
    0.144
    0.147
    0.151
    0.139
    0.149
    0.146
    0.149
    0.145
    0.143
    0.151
    0.151
    0.147
    0.146
    0.146
    0.150
    0.160
    0.147
    0.136
    0.123
    0.127
    0.131
    0.134
    0.139
    0.153
    0.150
    0.148
    0.153
    0.153
    0.152
    0.149
    0.155
    0.156
    0.157
    0.157
    0.156
    0.150
    0.164
    0.155
    0.146
    0.155
    0.154
    0.158
    0.159
    0.159
    0.160
    0.159
    0.152
    0.156
    0.151
    0.145
    0.153
    0.156
    0.159
    0.163
    0.158
    0.151
    0.156
    0.163
    0.164
    0.161
    0.163
    0.157
    0.158
    0.159
    0.130
    0.128
    0.130
    0.136
    0.136
    0.135
    0.152
    0.169
    0.167
    0.169
    0.165
    0.164
    0.159
    0.163
    0.156
    0.166
    0.169
    0.170
    0.165
    0.166
    0.164
    0.167
    0.165
    0.169
    0.171
    0.166
    0.162
    0.170
    0.170
    0.164
    0.165
    0.164
    0.171
    0.166
    0.171
    0.174
    0.172
    0.173
    0.174
    0.177
    0.178
    0.165
    0.171
    0.168
    0.169
    0.162
    0.176
    0.170
    0.167
    0.162
    0.167
    0.160
    0.162
    0.171
    0.169
    0.177
    0.176
    0.172
    0.175
    0.170
    0.173
    0.175
    0.176
    0.169
    0.174
    0.173
    0.171
    0.178
    0.182
    0.181
    0.174
    0.180
    0.181
    0.169
    0.175
    0.175
    0.173
    0.187
    0.176
    0.181
    0.176
    0.182
    0.172
    0.174
    0.179
    0.183
    0.183
    0.180
    0.177
    0.174
    0.174
    0.174
    0.175
    0.184
    0.177
    0.177
    0.169
    0.162
    0.159
    0.158
    0.161
    0.173
    0.175
    0.179
    0.178
    0.181
    0.183
    0.181
    0.181
    0.180
    0.174
    0.183
    0.190
    0.188
    0.183
    0.185
    0.183
    0.184
    0.183
    0.185
    0.186
    0.194
    0.185
    0.188
    0.188
    0.183
    0.191
    0.190
    0.191
    0.187
    0.187
    0.182
    0.187
    0.190
    0.186
    0.182
    0.188
    0.190
    0.187
    0.191
    0.194
    0.184
    0.185
    0.184
    0.178
    0.179
    0.185
    0.182
    0.187
    0.186
    0.197
    0.193
    0.188
    0.189
    0.190
    0.187
    0.188
    0.190
    0.189
    0.190
    0.198
    0.192
    0.191
    0.195
    0.194
    0.196
    0.191
    0.190
    0.193
    0.192
    0.197
    0.195
    0.185
    0.204
    0.199
    0.189
    0.192
    0.191
    0.202
    0.190
    0.192
    0.198
    0.199
    0.194
    0.195
    0.195
    0.199
    0.197
    0.189
    0.193
    0.192
    0.191
    0.187
    0.183
    0.183
    0.187
    0.186
    0.184
    0.191
    0.195
    0.196
    0.202
    0.192
    0.196
    0.197
    0.195
    0.196
    0.197
    0.200
    0.197
    0.206
    0.204
    0.192
    0.196
    0.201
    0.202
    0.202
    0.207
    0.202
    0.198
    0.202
    0.193
    0.199
    0.195
    0.199
    0.200
    0.198
    0.195
    0.196
    0.200
    0.197
    0.199
    0.203
    0.194
    0.194
    0.192
    0.203
    0.199
    0.202
    0.202
    0.201
    0.188
    0.198
    0.185
    0.191
    0.193
    0.192
    0.198
    0.203
    0.207
    0.204
    0.201
    0.206
    0.199
    0.208
    0.203
    0.197
    0.200
    0.202
    0.200
    0.196
    0.210
    0.209
    0.198
    0.202
    0.199
    0.207
    0.204
    0.211
    0.205
    0.208
    0.205
    0.201
    0.201
    0.205
    0.209
    0.204
    0.204
    0.206
    0.203
    0.209
    0.207
    0.206
    0.213
    0.211
    0.207
    0.205
    0.206
    0.196
    0.198
    0.189
    0.193
    0.196
    0.190
    0.206
    0.203
    0.204
    0.203
    0.213
    0.206
    0.211
    0.208
    0.211
    0.213
    0.210
    0.212
    0.208
    0.214
    0.214
    0.208
    0.208
    0.217
    0.204
    0.218
    0.216
    0.217
    0.216
    0.212
    0.213
    0.203
    0.215
    0.213
    0.207
    0.211
    0.222
    0.209
    0.215
    0.213
    0.214
    0.214
    0.217
    0.211
    0.214
    0.216
    0.217
    0.205
    0.195
    0.186
    0.178
    0.186
    0.190
    0.189
    0.200
    0.212
    0.207
    0.208
    0.209
    0.207
    0.216
    0.216
    0.218
    0.217
    0.221
    0.216
    0.216
    0.214
    0.227
    0.213
    0.211
    0.214
    0.214
    0.215
    0.216
    0.215
    0.220
    0.214
    0.223
    0.221
    0.224
    0.221
    0.216
    0.213
    0.220
    0.218
    0.220
    0.215
    0.221
    0.221
    0.218
    0.213
    0.221
    0.220
    0.214
    0.210
    0.206
    0.206
    0.199
    0.214
    0.208
    0.211
    0.213
    0.223
    0.228
    0.226
    0.220
    0.216
    0.220
    0.223
    0.222
    0.222
    0.222
    0.219
    0.221
    0.216
    0.209
    0.222
    0.216
    0.220
    0.221
    0.226
    0.224
    0.211
    0.219
    0.222
    0.220
    0.232
    0.223
    0.220
    0.223
    0.210
    0.219
    0.225
    0.226
    0.221
    0.222
    0.224
    0.223
    0.216
    0.226
    0.215
    0.213
    0.226
    0.219
    0.217
    0.216
    0.214
    0.212
    0.218
    0.211
    0.214
    0.224
    0.224
    0.229
    0.219
    0.223
    0.229
    0.229
    0.219
    0.227
    0.218
    0.224
    0.227
    0.223
    0.218
    0.216
    0.217
    0.219
    0.225
    0.217
    0.224
    0.225
    0.228
    0.226
    0.221
    0.224
    0.224
    0.224
    0.227
    0.227
    0.226
    0.223
    0.233
    0.226
    0.229
    0.221
    0.231
    0.233
    0.227
    0.231
    0.227
    0.223
    0.223
    0.220
    0.219
    0.231
    0.229
    0.225
    0.229
    0.230
    0.224
    0.231
    0.226
    0.226
    0.226
    0.227
    0.229
    0.232
    0.226
    0.224
    0.226
    0.225
    0.224
    0.227
    0.233
    0.225
    0.226
    0.229
    0.224
    0.236
    0.227
    0.223
    0.231
    0.236
    0.227
    0.223
    0.243
    0.231
    0.234
    0.223
    0.227
    0.230
    0.232
    0.235
    0.239
    0.231
    0.229
    0.229
    0.232
    0.225
    0.222
    0.230
    0.229
    0.239
    0.226
    0.224
    0.228
    0.221
    0.225
    0.231
    0.235
    0.236
    0.239
    0.229
    0.234
    0.232
    0.231
    0.238
    0.230
    0.225
    0.236
    0.233
    0.225
    0.232
    0.230
    0.238
    0.227
    0.236
    0.231
    0.235
    0.238
    0.235
    0.236
    0.231
    0.230
    0.242
    0.235
    0.234
    0.234
    0.228
    0.236
    0.232
    0.234
    0.231
    0.226
    0.228
    0.229
    0.227
    0.227
    0.223
    0.223
    0.225
    0.232
    0.233
    0.232
    0.233
    0.239
    0.235
    0.237
    0.239
    0.238
    0.225
    0.242
    0.238
    0.237
    0.236
    0.236
    0.238
    0.236
    0.240
    0.234
    0.233
    0.236
    0.227
    0.238
    0.238
    0.233
    0.232
    0.238
    0.234
    0.231
    0.240
    0.236
    0.239
    0.234
    0.242
    0.237
    0.244
    0.235
    0.232
    0.237
    0.236
    0.234
    0.234
    0.231
    0.234
    0.232
    0.232
    0.232
    0.238
    0.235
    0.245
    0.239
    0.231
    0.245
    0.238
    0.246
    0.239
    0.240
    0.237
    0.238
    0.231
    0.237
    0.237
    0.238
    0.245
    0.239
    0.237
    0.240
    0.239
    0.240
    0.240
    0.243
    0.243
    0.239
    0.239
    0.241
    0.236
    0.242
    0.241
    0.237
    0.234
    0.239
    0.239
    0.237
    0.227
    0.234
    0.240
    0.229
    0.225
    0.242
    0.230
    0.234
    0.236
    0.227
    0.230
    0.231
    0.231
    0.235
    0.232
    0.228
    0.240
    0.237
    0.235
    0.235
    0.232
    0.233
    0.240
    0.250
    0.240
    0.234
    0.231
    0.238
    0.241
    0.244
    0.243
    0.231
    0.244
    0.241
    0.241
    0.242
    0.248
    0.229
    0.234
    0.245
    0.235
    0.241
    0.245
    0.234
    0.241
    0.249
    0.238
    0.232
    0.241
    0.240
    0.239
    0.251
    0.244
    0.246
    0.242
    0.238
    0.240
    0.230
    0.230
    0.222
    0.217
    0.222
    0.238
    0.242
    0.253
    0.247
    0.242
    0.249
    0.245
    0.242
    0.240
    0.244
    0.238
    0.245
    0.239
    0.243
    0.243
    0.243
    0.246
    0.237
    0.244
    0.240
    0.237
    0.243
    0.243
    0.247
    0.249
    0.245
    0.238
    0.240
    0.247
    0.242
    0.246
    0.240
    0.243
    0.255
    0.247
    0.245
    0.240
    0.241
    0.255
    0.249
    0.244
    0.241
    0.250
    0.244
    0.244
    0.252
    0.242
    0.243
    0.249
    0.243
    0.246
    0.245
    0.244
    0.247
    0.246
    0.247
    0.238
    0.244
    0.252
    0.243
    0.248
    0.242
    0.251
    0.243
    0.248
    0.246
    0.231
    0.238
    0.242
    0.240
    0.243
    0.240
    0.243
    0.239
    0.244
    0.238
    0.239
    0.241
    0.249
    0.246
    0.245
    0.247
    0.249
    0.242
    0.254
    0.247
    0.241
    0.248
    0.245
    0.244
    0.237
    0.251
    0.240
    0.244
    0.253
    0.245
    0.245
    0.243
    0.245
    0.248
    0.249
    0.253
    0.245
    0.239
    0.244
    0.245
    0.238
    0.243
    0.245
    0.241
    0.247
    0.247
    0.249
    0.244
    0.248
    0.247
    0.251
    0.248
    0.251
    0.243
    0.248
    0.248
    0.255
    0.246
    0.248
    0.258
    0.252
    0.252
    0.246
    0.248
    0.243
    0.243
    0.250
    0.241
    0.245
    0.249
    0.240
    0.244
    0.235
    0.238
    0.243
    0.239
    0.245
    0.243
    0.249
    0.242
    0.248
    0.241
    0.248
    0.244
    0.238
    0.243
    0.249
    0.241
    0.238
    0.250
    0.240
    0.242
    0.245
    0.247
    0.244
    0.237
    0.242
    0.242
    0.247
    0.235
    0.245
    0.249
    0.242
    0.241
    0.240
    0.241
    0.241
    0.242
    0.246
    0.238
    0.245
    0.243
    0.249
    0.249
    0.237
    0.245
    0.240
    0.239
    0.245
    0.246
    0.245
    0.240
    0.233
    0.241
    0.238
    0.238
    0.232
    0.247
    0.252
    0.244
    0.242
    0.241
    0.247
    0.244
    0.243
    0.245
    0.248
    0.238
    0.238
    0.239
    0.243
    0.244
    0.248
    0.238
    0.243
    0.237
    0.241
    0.253
    0.239
    0.251
    0.249
    0.251
    0.243
    0.240
    0.246
    0.238
    0.246
    0.242
    0.244
    0.244
    0.241
    0.238
    0.240
    0.240
    0.239
    0.242
    0.244
    0.245
    0.245
    0.243
    0.238
    0.239
    0.237
    0.233
    0.235
    0.245
    0.239
    0.244
    0.248
    0.235
    0.245
    0.249
    0.246
    0.239
    0.247
    0.244
    0.243
    0.243
    0.240
    0.243
    0.245
    0.240
    0.247
    0.244
    0.246
    0.243
    0.235
    0.251
    0.246
    0.246
    0.243
    0.243
    0.244
    0.240
    0.242
    0.245
    0.243
    0.241
    0.238
    0.246
    0.242
    0.236
    0.244
    0.243
    0.248
    0.242
    0.236
    0.215
    0.225
    0.222
    0.225
    0.225
    0.227
    0.246
    0.242
    0.247
    0.249
    0.245
    0.245
    0.250
    0.254
    0.243
    0.246
    0.245
    0.239
    0.243
    0.244
    0.248
    0.238
    0.243
    0.244
    0.239
    0.245
    0.235
    0.250
    0.240
    0.242
    0.239
    0.242
    0.248
    0.239
    0.251
    0.241
    0.244
    0.240
    0.238
    0.243
    0.243
    0.236
    0.245
    0.243
    0.245
    0.245
    0.246
    0.248
    0.237
    0.236
    0.239
    0.236
    0.236
    0.247
    0.242
    0.245
    0.235
    0.250
    0.243
    0.239
    0.242
    0.236
    0.244
    0.245
    0.244
    0.237
    0.240
    0.244
    0.242
    0.248
    0.241
    0.247
    0.241
    0.240
    0.250
    0.242
    0.241
    0.241
    0.246
    0.245
    0.237
    0.241
    0.247
    0.249
    0.248
    0.242
    0.247
    0.242
    0.241
    0.241
    0.240
    0.239
    0.240
    0.245
    0.245
    0.245
    0.230
    0.235
    0.237
    0.233
    0.236
    0.236
    0.243
    0.240
    0.243
    0.250
    0.242
    0.248
    0.236
    0.248
    0.239
    0.238
    0.241
    0.242
    0.245
    0.240
    0.239
    0.243
    0.246
    0.240
    0.242
    0.240
    0.242
    0.244
    0.241
    0.244
    0.242
    0.242
    0.245
    0.233
    0.238
    0.240
    0.230
    0.236
    0.239
    0.248
    0.233
    0.242
    0.244
    0.237
    0.254
    0.250
    0.233
    0.243
    0.241
    0.244
    0.239
    0.240
    0.237
    0.235
    0.242
    0.244
    0.232
    0.238
    0.247
    0.241
    0.243
    0.238
    0.240
    0.239
    0.245
    0.235
    0.243
    0.246
    0.239
    0.244
    0.246
    0.241
    0.245
    0.236
    0.240
    0.237
    0.236
    0.238
    0.244
    0.243
    0.236
    0.237
    0.231
    0.237
    0.241
    0.247
    0.239
    0.238
    0.244
    0.238
    0.241
    0.241
    0.244
    0.239
    0.237
    0.238
    0.242
